3049
1413
777
360
570
747
476
727
52
561
776
932
172
611
801
286
385
162
853
462
23
130
472
750
651
793
834
524
148
361
238
196
63
366
907
984
112
382
710
515
294
837
446
466
447
599
103
183
760
956
997
782
85
468
883
735
613
717
258
760
429
495
307
843
860
214
827
323
947
888
838
241
725
283
58
523
881
160
706
992
115
702
126
199
521
8
285
133
76
543
244
856
389
903
51
601
468
229
923
414
116
112
6
192
747
63
715
979
223
772
971
337
473
96
888
993
455
524
478
883
418
721
90
807
975
492
759
442
720
33
856
188
145
213
731
891
276
445
869
498
216
191
186
40
638
425
33
445
949
510
679
366
582
120
524
557
612
282
998
683
315
205
222
811
418
953
53
45
397
273
542
965
464
79
4
453
856
388
897
804
249
927
521
831
47
45
387
658
678
736
692
992
293
914
802
62
866
854
106
614
479
647
578
942
77
934
746
932
321
995
87
922
921
608
752
967
4
490
976
681
577
668
673
869
933
826
930
798
32
35
411
510
33
341
803
462
626
548
393
298
542
480
219
463
439
322
781
442
811
109
122
740
776
146
608
60
972
890
857
355
276
619
864
661
959
666
122
584
565
866
234
107
697
452
921
135
774
701
576
936
809
50
675
936
195
283
995
518
524
203
872
799
822
87
459
132
104
932
68
669
798
301
127
494
752
47
981
877
99
556
813
908
957
487
195
504
121
542
21
644
744
893
795
917
331
605
49
435
537
468
103
334
768
581
179
871
627
159
748
725
67
560
984
23
398
531
526
519
72
899
162
167
143
956
84
473
561
484
907
449
951
361
134
70
293
312
940
919
471
39
996
889
950
979
911
348
861
789
866
932
39
379
451
181
687
534
653
599
369
912
47
671
624
180
740
917
843
31
187
665
70
182
553
371
513
816
718
373
604
935
657
642
314
107
174
352
992
826
950
360
89
348
30
713
527
121
981
721
151
167
386
572
349
938
943
861
753
12
585
708
947
241
701
612
347
874
315
690
700
264
49
788
963
430
852
841
550
832
561
53
999
946
624
699
884
566
911
988
930
495
696
228
736
396
191
434
270
505
124
321
120
524
460
82
954
312
922
855
495
482
907
845
428
531
895
663
448
805
650
377
300
697
604
387
93
794
172
714
650
295
34
769
819
493
850
124
156
771
978
3
605
885
199
32
415
94
46
214
898
47
591
549
744
546
287
188
692
459
901
341
105
286
110
275
778
311
398
286
82
376
288
686
612
486
69
378
931
466
591
829
864
533
729
959
431
16
146
122
826
398
814
930
683
923
205
813
586
602
450
667
329
89
704
292
926
124
669
857
589
260
37
452
144
765
763
574
132
908
695
957
658
861
887
692
135
443
504
720
396
305
738
725
393
441
16
319
916
37
175
504
648
211
308
791
327
422
365
459
329
411
767
986
623
5
678
758
447
533
477
843
838
215
919
582
7
286
900
923
322
426
778
969
636
437
112
315
858
828
773
187
590
539
524
213
544
553
970
342
438
798
184
627
12
454
208
19
740
460
941
413
885
718
734
873
155
845
187
12
24
311
550
613
849
426
177
744
330
146
438
767
296
621
393
307
427
953
325
518
412
617
930
296
687
15
168
841
859
706
204
234
16
106
847
217
531
375
312
860
873
749
979
168
722
723
474
148
675
151
665
86
767
946
734
453
961
253
645
171
959
201
405
326
306
603
542
188
977
854
399
849
954
377
16
675
100
842
822
126
992
838
564
110
784
297
915
744
901
559
914
211
759
318
537
416
272
430
603
249
635
354
97
589
730
465
263
181
306
437
659
649
274
222
758
409
870
24
152
122
583
418
333
693
87
221
109
359
2
63
959
637
416
407
577
498
871
191
30
528
979
688
528
253
261
638
13
482
661
165
604
243
934
288
288
20
508
748
730
509
162
688
497
930
95
425
427
317
968
808
845
946
848
372
550
108
361
563
942
22
79
545
616
12
832
903
383
691
650
113
551
812
152
400
741
246
824
519
915
791
678
759
89
525
482
638
985
843
200
926
216
630
822
831
641
5
734
376
695
735
840
597
898
991
996
990
589
172
508
503
314
538
613
402
62
446
40
398
640
591
675
855
221
848
38
213
852
771
940
898
505
779
495
755
122
490
744
62
13
252
916
327
141
880
80
554
325
471
952
317
62
978
523
634
826
560
198
677
682
490
927
539
620
421
293
741
262
36
154
275
639
69
953
779
300
32
333
625
503
636
293
916
613
815
549
438
727
98
467
408
587
393
946
207
165
238
299
426
274
805
52
264
225
4
43
525
36
727
501
538
362
793
453
974
959
353
764
685
802
582
445
741
326
390
299
490
980
949
915
605
753
967
868
978
970
262
854
357
988
354
246
349
498
50
675
456
754
790
493
556
723
937
296
48
326
946
537
305
894
451
909
647
769
129
976
91
390
829
447
378
534
693
78
31
742
104
838
496
245
330
403
967
266
50
14
944
995
550
600
240
353
861
238
473
989
213
563
730
393
362
459
278
406
889
308
499
992
146
346
589
827
748
555
93
149
921
388
495
822
987
735
174
199
972
999
187
537
913
269
281
274
727
559
31
615
866
530
607
363
875
195
190
975
101
634
475
21
21
970
843
359
704
368
558
675
366
96
563
631
364
844
256
91
402
287
705
619
816
663
982
42
209
523
368
662
156
843
682
176
812
876
886
867
244
443
893
961
891
456
943
254
299
199
696
52
485
753
670
652
415
3
45
976
525
413
637
680
607
318
207
770
546
93
636
789
887
880
101
129
335
44
383
985
242
430
36
78
182
58
729
949
60
773
924
585
537
560
264
495
229
823
264
774
915
251
914
153
131
367
282
465
410
16
802
3
445
837
432
979
894
160
927
954
284
850
890
173
761
505
667
341
327
931
115
593
533
380
746
663
746
379
480
507
394
281
861
190
117
292
168
363
803
446
668
439
647
557
611
407
61
277
748
740
559
214
332
92
593
429
754
691
807
233
197
552
865
58
742
334
701
261
696
504
707
715
942
705
623
904
112
35
180
211
774
91
776
106
182
368
534
287
58
693
872
607
244
736
16
985
69
716
598
116
571
656
830
864
360
452
767
471
487
299
33
612
389
808
69
570
528
955
856
937
647
79
543
890
815
910
227
883
626
824
351
548
479
180
412
838
984
178
661
822
476
45
433
864
205
502
785
732
456
993
668
454
71
563
343
237
472
569
472
449
744
822
997
574
1
408
764
984
937
424
157
413
820
590
628
24
443
765
755
250
757
775
703
179
689
397
416
160
318
887
609
61
708
605
987
60
364
750
44
300
173
200
712
344
141
692
368
583
456
474
184
564
600
886
742
288
635
157
448
952
43
408
364
102
364
350
162
727
99
557
26
623
108
90
967
249
133
686
183
588
159
367
503
759
604
244
46
238
401
845
189
795
604
553
249
967
254
410
693
353
318
71
975
425
512
941
673
996
626
208
935
137
926
437
247
529
680
644
119
432
489
307
579
444
211
827
411
465
588
455
169
905
877
143
329
388
436
354
735
413
561
669
549
486
105
147
366
785
791
484
216
631
143
146
74
705
972
484
521
911
291
689
815
167
184
496
907
619
849
641
383
761
310
284
598
414
430
315
550
572
799
766
202
293
263
276
997
587
111
518
497
401
558
312
920
741
159
826
711
359
466
94
119
775
729
68
541
158
382
90
730
180
207
283
824
470
910
821
56
21
690
552
773
247
215
692
340
725
517
402
83
335
847
201
461
575
620
353
85
2
443
166
533
1
448
357
470
358
529
877
730
218
781
502
816
347
546
507
72
414
909
154
748
755
707
561
682
326
913
766
327
355
283
212
356
730
568
177
439
96
54
168
665
186
670
480
532
567
339
955
980
247
109
728
353
167
288
34
844
200
151
523
907
433
734
614
515
653
790
953
100
195
473
764
380
142
595
264
708
933
218
39
531
678
766
884
844
405
269
40
957
772
562
863
556
295
476
422
947
265
375
46
812
847
161
543
340
755
806
399
40
376
437
570
53
555
805
249
959
426
288
915
549
849
129
104
495
604
878
441
221
604
838
32
802
998
574
493
104
732
891
495
107
679
417
511
585
573
759
896
998
398
162
546
598
291
2
92
894
879
884
466
482
73
849
635
422
775
127
878
506
369
372
964
47
788
474
984
361
585
879
710
982
40
608
932
682
609
23
576
839
259
393
672
331
242
306
753
16
432
982
521
800
353
484
198
493
309
533
205
893
411
914
227
803
521
158
484
481
532
411
671
142
804
694
825
45
999
929
412
782
910
284
933
262
119
483
754
427
15
310
672
778
224
898
580
96
407
63
577
290
826
599
432
629
293
256
25
643
184
436
425
93
71
709
706
189
543
812
967
558
121
638
687
344
887
266
792
293
680
720
583
505
318
366
485
610
621
509
253
156
296
29
600
718
89
305
906
632
116
225
541
589
862
227
284
749
844
75
393
875
794
327
732
464
692
216
425
664
77
677
171
372
57
770
90
498
427
347
129
542
571
21
482
785
599
766
533
442
192
277
668
986
604
399
801
647
615
225
663
43
254
833
414
310
603
855
159
381
554
287
274
124
659
756
908
257
521
792
50
64
421
718
401
376
468
201
22
434
426
684
476
679
869
242
340
823
448
499
203
1
137
476
477
796
231
384
404
103
528
454
167
948
523
567
675
990
768
696
776
545
732
251
575
952
844
914
774
292
764
976
292
253
803
768
400
34
504
803
488
383
608
6
682
130
573
356
472
692
403
247
236
134
849
162
437
693
427
210
984
191
537
627
795
340
747
194
725
250
348
564
632
956
570
665
437
142
20
260
185
422
858
772
908
707
933
344
751
359
554
86
901
442
712
47
133
458
592
857
59
940
421
42
247
990
706
35
483
725
295
19
499
152
790
406
210
74
749
960
784
654
45
37
448
109
83
580
918
675
437
977
966
209
18
564
550
724
598
384
800
244
402
298
748
543
703
309
968
804
621
751
809
17
787
256
125
222
836
43
896
272
371
213
832
388
776
381
463
725
764
263
321
517
560
420
59
263
728
26
418
700
128
226
717
915
482
193
136
317
587
383
588
957
947
771
697
722
151
159
798
266
421
470
782
333
889
192
595
969
217
12
668
344
589
384
610
70
929
97
386
515
831
325
472
777
95
520
850
597
678
648
862
451
117
643
783
358
834
729
326
402
92
993
98
680
729
59
750
657
156
487
523
338
164
346
115
258
865
964
207
895
963
68
345
80
63
127
789
896
207
114
650
298
458
747
977
538
805
78
194
312
917
717
650
80
414
116
337
279
79
895
173
42
963
869
473
25
995
261
272
553
726
921
850
183
667
178
721
824
608
266
487
524
334
488
603
748
603
291
26
34
186
550
427
148
418
251
524
764
511
795
316
236
716
517
770
734
694
842
909
653
108
748
176
441
235
778
540
838
421
917
223
606
466
649
105
235
899
628
998
761
774
665
348
841
181
117
927
227
959
835
879
418
582
55
858
169
184
750
358
604
666
580
561
132
228
665
366
126
644
716
238
418
380
585
610
913
53
536
139
11
723
369
428
304
423
638
824
959
739
181
914
404
760
475
887
987
491
253
464
135
320
701
904
699
637
513
611
690
401
101
700
123
470
480
426
244
469
250
554
207
430
468
962
542
942
849
528
432
453
344
918
772
396
821
822
33
686
785
722
86
885
773
208
706
604
985
302
424
586
855
982
368
322
944
909
263
792
788
47
596
483
964
367
879
785
188
263
822
972
984
259
209
108
466
914
712
802
215
135
740
422
469
107
743
412
367
358
555
506
404
150
989
367
516
219
503
55
481
324
27
464
582
587
923
399
500
634
553
67
121
292
488
589
750
582
352
116
939
258
973
342
407
961
709
274
179
563
328
11
239
706
474
172
292
749
571
144
382
475
562
854
766
401
794
515
982
145
982
921
402
954
262
160
267
322
433
797
885
113
808
123
170
633
294
814
381
216
957
115
690
870
968
807
270
762
673
603
258
654
523
660
960
137
819
226
810
604
374
46
68
181
520
237
166
166
50
546
381
358
660
423
579
980
229
848
93
902
451
350
907
325
361
866
813
180
443
623
135
169
668
202
349
188
790
866
353
192
412
85
549
423
859
480
754
440
679
846
341
129
196
599
806
908
817
618
439
611
240
573
779
260
126
480
799
916
345
503
107
108
587
7
883
798
486
636
237
165
834
929
645
381
527
450
288
695
420
727
306
11
299
84
270
777
915
420
692
260
922
798
719
861
156
601
658
642
589
894
158
422
822
802
154
700
604
441
395
375
167
700
385
818
135
7
594
50
426
637
661
700
786
731
560
941
684
217
934
272
110
91
45
283
245
198
982
200
990
728
574
509
427
310
678
914
668
623
315
446
259
327
145
44
57
704
984
740
920
270
363
381
360
759
663
956
308
996
155
298
724
80
158
502
742
835
767
409
457
81
206
67
759
350
462
816
53
797
907
324
66
270
704
778
28
718
733
336
66
240
985
141
319
142
994
412
328
761
173
136
193
378
202
952
728
15
119
780
811
25
456
877
646
159
654
26
877
738
713
294
977
697
434
648
190
427
59
869
187
231
4
732
961
557
35
688
571
153
819
733
529
274
609
527
785
614
552
13
352
616
306
328
312
739
327
853
165
386
721
704
968
76
787
928
632
821
967
554
325
138
286
853
411
247
731
547
860
634
559
563
249
864
243
912
954
569
116
119
954
836
174
274
911
960
553
894
780
520
447
104
657
85
308
419
331
391
966
542
24
524
105
625
740
347
536
693
267
652
163
573
839
336
846
750
647
398
995
426
269
794
881
925
878
541
696
208
283
661
101
306
536
205
282
275
903
818
320
170
821
482
94
659
170
939
760
816
688
755
594
957
548
826
881
777
718
576
336
1000
588
436
658
124
